  Fe		  Ga		  Pd
  8.2160000e-001  1.2850000e-001  4.9900000e-002
  8.2860000e-001  1.1640000e-001  5.5000000e-002
  8.4350000e-001  1.0060000e-001  5.5900000e-002
  8.5200000e-001  9.2200000e-002  5.5900000e-002
  8.5560000e-001  7.0200000e-002  7.4200000e-002
  8.4760000e-001  7.9200000e-002  7.3200000e-002
  8.4420000e-001  8.7800000e-002  6.8000000e-002
  8.3860000e-001  9.5400000e-002  6.6000000e-002
  8.2880000e-001  1.0920000e-001  6.2000000e-002
  8.1890000e-001  1.2130000e-001  5.9800000e-002
  8.0330000e-001  1.3800000e-001  5.8700000e-002
  7.9400000e-001  1.5200000e-001  5.4000000e-002
  7.7680000e-001  1.7200000e-001  5.1200000e-002
  7.5790000e-001  1.9450000e-001  4.7600000e-002
  7.0310000e-001  2.5310000e-001  4.3800000e-002
  7.2470000e-001  2.2650000e-001  4.8800000e-002
  7.4310000e-001  2.0220000e-001  5.4600000e-002
  7.5840000e-001  1.8400000e-001  5.7500000e-002
  7.6840000e-001  1.6770000e-001  6.3900000e-002
  7.8570000e-001  1.4810000e-001  6.6200000e-002
  7.9940000e-001  1.2860000e-001  7.2000000e-002
  8.0840000e-001  1.1530000e-001  7.6200000e-002
  8.1240000e-001  1.0810000e-001  7.9500000e-002
  8.2400000e-001  9.4200000e-002  8.1800000e-002
  8.3020000e-001  8.4000000e-002  8.5800000e-002
  8.3790000e-001  7.3900000e-002  8.8200000e-002
  8.4210000e-001  6.6700000e-002  9.1200000e-002
  8.4780000e-001  5.8800000e-002  9.3500000e-002
  8.3190000e-001  5.8700000e-002  1.0940000e-001
  8.2860000e-001  6.2400000e-002  1.0900000e-001
  8.2100000e-001  7.1100000e-002  1.0790000e-001
  8.1460000e-001  7.9000000e-002  1.0640000e-001
  8.1520000e-001  8.4700000e-002  1.0010000e-001
  8.0690000e-001  9.7300000e-002  9.5800000e-002
  7.9620000e-001  1.1100000e-001  9.2800000e-002
  7.8700000e-001  1.2460000e-001  8.8400000e-002
  7.7880000e-001  1.3970000e-001  8.1500000e-002
  7.6360000e-001  1.5920000e-001  7.7100000e-002
  7.5240000e-001  1.7560000e-001  7.2100000e-002
  7.3900000e-001  1.9690000e-001  6.4100000e-002
  7.1660000e-001  2.2240000e-001  6.1000000e-002
  7.0620000e-001  2.4010000e-001  5.3700000e-002
  6.8420000e-001  2.6740000e-001  4.8400000e-002
  6.6900000e-001  2.8620000e-001  4.4900000e-002
  6.2770000e-001  3.2450000e-001  4.7800000e-002
  6.5140000e-001  2.9760000e-001  5.1000000e-002
  6.6860000e-001  2.7580000e-001  5.5600000e-002
  6.8560000e-001  2.5460000e-001  5.9800000e-002
  7.0280000e-001  2.2790000e-001  6.9400000e-002
  7.1660000e-001  2.0730000e-001  7.6100000e-002
  7.3420000e-001  1.8320000e-001  8.2600000e-002
  7.4440000e-001  1.6470000e-001  9.0900000e-002
  7.5840000e-001  1.4560000e-001  9.5900000e-002
  7.6170000e-001  1.3340000e-001  1.0490000e-001
  7.7340000e-001  1.1540000e-001  1.1130000e-001
  7.8450000e-001  1.0060000e-001  1.1490000e-001
  7.8560000e-001  9.3100000e-002  1.2130000e-001
  7.9250000e-001  8.1000000e-002  1.2650000e-001
  8.0040000e-001  6.9800000e-002  1.2980000e-001
  8.0690000e-001  6.1900000e-002  1.3120000e-001
  8.0410000e-001  6.1200000e-002  1.3470000e-001
  8.0200000e-001  5.7500000e-002  1.4050000e-001
  7.8390000e-001  5.2400000e-002  1.6370000e-001
  7.8460000e-001  5.4200000e-002  1.6110000e-001
  7.7810000e-001  6.1300000e-002  1.6070000e-001
  7.7290000e-001  7.0700000e-002  1.5640000e-001
  7.7020000e-001  7.5200000e-002  1.5470000e-001
  7.5940000e-001  8.5600000e-002  1.5500000e-001
  7.6020000e-001  9.2300000e-002  1.4750000e-001
  7.5470000e-001  1.0650000e-001  1.3890000e-001
  7.5140000e-001  1.1850000e-001  1.3000000e-001
  7.3990000e-001  1.3710000e-001  1.2300000e-001
  7.2970000e-001  1.5480000e-001  1.1540000e-001
  7.2270000e-001  1.7260000e-001  1.0470000e-001
  7.1130000e-001  1.9160000e-001  9.7100000e-002
  6.9470000e-001  2.1780000e-001  8.7500000e-002
  6.8170000e-001  2.4010000e-001  7.8200000e-002
  6.6870000e-001  2.6040000e-001  7.0900000e-002
  6.4930000e-001  2.8840000e-001  6.2300000e-002
  6.2990000e-001  3.1280000e-001  5.7300000e-002
  6.1430000e-001  3.3480000e-001  5.0900000e-002
  5.9450000e-001  3.5940000e-001  4.6100000e-002
  5.5430000e-001  3.9830000e-001  4.7400000e-002
  5.7570000e-001  3.7180000e-001  5.2600000e-002
  5.9850000e-001  3.4340000e-001  5.8100000e-002
  6.1270000e-001  3.2160000e-001  6.5700000e-002
  6.3540000e-001  2.9420000e-001  7.0500000e-002
  6.4890000e-001  2.6940000e-001  8.1700000e-002
  6.5850000e-001  2.5310000e-001  8.8400000e-002
  6.7270000e-001  2.2660000e-001  1.0070000e-001
  6.8220000e-001  2.0320000e-001  1.1460000e-001
  6.9250000e-001  1.8260000e-001  1.2490000e-001
  7.0050000e-001  1.6240000e-001  1.3710000e-001
  7.1120000e-001  1.4050000e-001  1.4830000e-001
  7.1830000e-001  1.2570000e-001  1.5600000e-001
  7.2320000e-001  1.1060000e-001  1.6620000e-001
  7.2760000e-001  9.7800000e-002  1.7450000e-001
  7.3210000e-001  8.6000000e-002  1.8200000e-001
  7.3750000e-001  7.5800000e-002  1.8680000e-001
  7.4080000e-001  6.7000000e-002  1.9220000e-001
  7.4060000e-001  6.3000000e-002  1.9650000e-001
  7.4420000e-001  5.7900000e-002  1.9780000e-001
  7.4520000e-001  5.4200000e-002  2.0060000e-001
  7.5390000e-001  4.8500000e-002  1.9760000e-001
  7.1170000e-001  5.0000000e-002  2.3830000e-001
  7.0660000e-001  5.1900000e-002  2.4150000e-001
  7.0270000e-001  6.0200000e-002  2.3710000e-001
  7.0680000e-001  5.7300000e-002  2.3590000e-001
  6.9500000e-001  7.2500000e-002  2.3240000e-001
  6.9950000e-001  7.8700000e-002  2.2180000e-001
  6.9290000e-001  8.7300000e-002  2.1970000e-001
  6.8840000e-001  9.9500000e-002  2.1200000e-001
  6.8680000e-001  1.1460000e-001  1.9860000e-001
  6.8300000e-001  1.2890000e-001  1.8810000e-001
  6.7700000e-001  1.4590000e-001  1.7720000e-001
  6.7010000e-001  1.6760000e-001  1.6230000e-001
  6.5880000e-001  1.9290000e-001  1.4830000e-001
  6.5490000e-001  2.1050000e-001  1.3460000e-001
  6.4600000e-001  2.3680000e-001  1.1720000e-001
  6.4020000e-001  2.5650000e-001  1.0330000e-001
  6.2930000e-001  2.7720000e-001  9.3400000e-002
  6.1090000e-001  3.0700000e-001  8.2100000e-002
  5.8810000e-001  3.3940000e-001  7.2500000e-002
  5.8080000e-001  3.5410000e-001  6.5100000e-002
  5.6200000e-001  3.8030000e-001  5.7700000e-002
  5.4010000e-001  4.0810000e-001  5.1800000e-002
  5.1350000e-001  4.3610000e-001  5.0400000e-002
  5.2740000e-001  4.1570000e-001  5.6900000e-002
  5.4390000e-001  3.9090000e-001  6.5300000e-002
  5.5630000e-001  3.7140000e-001  7.2200000e-002
  5.6020000e-001  3.5360000e-001  8.6300000e-002
  5.6630000e-001  3.3580000e-001  9.7900000e-002
  6.1340000e-001  2.7870000e-001  1.0800000e-001
  6.1130000e-001  2.6680000e-001  1.2190000e-001
  6.1840000e-001  2.4440000e-001  1.3710000e-001
  6.2740000e-001  2.1450000e-001  1.5810000e-001
  6.3500000e-001  1.9040000e-001  1.7460000e-001
  6.3770000e-001  1.7020000e-001  1.9220000e-001
  6.3890000e-001  1.5010000e-001  2.1100000e-001
  6.4880000e-001  1.3020000e-001  2.2100000e-001
  6.5600000e-001  1.0960000e-001  2.3450000e-001
  6.5210000e-001  1.0140000e-001  2.4650000e-001
  6.5010000e-001  8.8200000e-002  2.6170000e-001
  6.5370000e-001  7.9200000e-002  2.6700000e-001
  6.5620000e-001  7.1800000e-002  2.7210000e-001
  6.6080000e-001  6.1400000e-002  2.7790000e-001
  6.6740000e-001  5.4100000e-002  2.7850000e-001
  6.6520000e-001  5.1700000e-002  2.8310000e-001
  6.6950000e-001  4.8000000e-002  2.8250000e-001
  6.7570000e-001  4.1900000e-002  2.8240000e-001
  6.2240000e-001  4.4500000e-002  3.3310000e-001
  6.1800000e-001  4.7200000e-002  3.3480000e-001
  6.2590000e-001  5.2600000e-002  3.2150000e-001
  6.3470000e-001  5.9000000e-002  3.0630000e-001
  6.1860000e-001  7.4800000e-002  3.0660000e-001
  6.1210000e-001  8.1900000e-002  3.0600000e-001
  6.1030000e-001  9.4800000e-002  2.9490000e-001
  6.0430000e-001  1.0450000e-001  2.9130000e-001
  5.9790000e-001  1.1940000e-001  2.8270000e-001
  6.1160000e-001  1.1500000e-001  2.7330000e-001
  6.0920000e-001  1.3020000e-001  2.6060000e-001
  6.0720000e-001  1.5050000e-001  2.4220000e-001
  6.0070000e-001  1.7260000e-001  2.2680000e-001
  5.9920000e-001  1.9770000e-001  2.0310000e-001
  5.9620000e-001  2.1980000e-001  1.8400000e-001
  5.8910000e-001  2.4700000e-001  1.6390000e-001
  5.7040000e-001  2.8320000e-001  1.4630000e-001
  5.6680000e-001  3.0340000e-001  1.2980000e-001
  5.2870000e-001  3.5920000e-001  1.1200000e-001
  5.2720000e-001  3.7340000e-001  9.9400000e-002
  5.2490000e-001  3.9120000e-001  8.4000000e-002
  5.2770000e-001  3.9790000e-001  7.4400000e-002
  5.1420000e-001  4.2270000e-001  6.3000000e-002
  4.9990000e-001  4.4430000e-001  5.5800000e-002
  4.7380000e-001  4.7120000e-001  5.5000000e-002
  6.3400000e-001  2.8870000e-001  7.7300000e-002
  5.0270000e-001  4.2660000e-001  7.0700000e-002
  4.9860000e-001  4.1660000e-001  8.4900000e-002
  4.9580000e-001  4.0450000e-001  9.9700000e-002
  4.9660000e-001  3.8870000e-001  1.1470000e-001
  5.1060000e-001  3.5870000e-001  1.3070000e-001
  5.0450000e-001  3.4140000e-001  1.5410000e-001
  5.0880000e-001  3.1630000e-001  1.7490000e-001
  5.6000000e-001  2.4880000e-001  1.9120000e-001
  5.6410000e-001  2.2160000e-001  2.1430000e-001
  5.6150000e-001  2.0160000e-001  2.3690000e-001
  5.6530000e-001  1.7640000e-001  2.5830000e-001
  5.6970000e-001  1.5130000e-001  2.7900000e-001
  5.4660000e-001  1.5280000e-001  3.0060000e-001
  5.5190000e-001  1.4610000e-001  3.0200000e-001
  5.5790000e-001  1.2030000e-001  3.2180000e-001
  5.6060000e-001  1.0830000e-001  3.3110000e-001
  5.6750000e-001  9.4200000e-002  3.3840000e-001
  5.6910000e-001  8.3100000e-002  3.4780000e-001
  5.7600000e-001  7.2500000e-002  3.5150000e-001
  5.7320000e-001  6.5300000e-002  3.6150000e-001
  5.7200000e-001  5.9100000e-002  3.6890000e-001
  5.7090000e-001  5.3400000e-002  3.7580000e-001
  5.9030000e-001  3.9300000e-002  3.7040000e-001
  5.7020000e-001  4.5200000e-002  3.8460000e-001
  5.2740000e-001  4.5900000e-002  4.2670000e-001
  5.1810000e-001  5.1000000e-002  4.3100000e-001
  5.2610000e-001  5.3100000e-002  4.2080000e-001
  5.2440000e-001  6.1900000e-002  4.1370000e-001
  5.3110000e-001  6.1200000e-002  4.0770000e-001
  5.2610000e-001  7.5300000e-002  3.9860000e-001
  5.2810000e-001  8.4700000e-002  3.8710000e-001
  5.2380000e-001  9.7900000e-002  3.7830000e-001
  5.2350000e-001  1.0730000e-001  3.6920000e-001
  5.2380000e-001  1.2280000e-001  3.5340000e-001
  5.1500000e-001  1.4660000e-001  3.3840000e-001
  4.9710000e-001  1.6740000e-001  3.3550000e-001
  5.1780000e-001  1.6630000e-001  3.1590000e-001
  5.3420000e-001  1.7390000e-001  2.9190000e-001
  5.3230000e-001  1.9720000e-001  2.7050000e-001
  5.2990000e-001  2.2170000e-001  2.4840000e-001
  5.2390000e-001  2.5290000e-001  2.2320000e-001
  4.6340000e-001  3.3250000e-001  2.0410000e-001
  4.8090000e-001  3.4700000e-001  1.7220000e-001
  4.8600000e-001  3.6570000e-001  1.4830000e-001
  4.8720000e-001  3.8310000e-001  1.2970000e-001
  4.8120000e-001  4.0500000e-001  1.1380000e-001
  4.8150000e-001  4.2220000e-001  9.6200000e-002
  4.7970000e-001  4.4330000e-001  7.7100000e-002
  4.7570000e-001  4.5520000e-001  6.9100000e-002
  4.7070000e-001  4.6890000e-001  6.0400000e-002
  4.5930000e-001  4.7670000e-001  6.4000000e-002
  4.5970000e-001  4.6520000e-001  7.5200000e-002
  4.6540000e-001  4.4380000e-001  9.0800000e-002
  4.6350000e-001  4.2490000e-001  1.1160000e-001
  4.6340000e-001  4.0540000e-001  1.3120000e-001
  4.6530000e-001  3.8600000e-001  1.4870000e-001
  4.6750000e-001  3.5720000e-001  1.7540000e-001
  4.5470000e-001  3.4060000e-001  2.0460000e-001
  4.8350000e-001  2.8430000e-001  2.3220000e-001
  4.9110000e-001  2.5360000e-001  2.5530000e-001
  4.9630000e-001  2.2450000e-001  2.7910000e-001
  4.9530000e-001  1.9960000e-001  3.0500000e-001
  4.7260000e-001  1.9960000e-001  3.2780000e-001
  4.6650000e-001  1.8410000e-001  3.4940000e-001
  4.7330000e-001  1.6210000e-001  3.6460000e-001
  4.8570000e-001  1.4300000e-001  3.7140000e-001
  4.8200000e-001  1.2830000e-001  3.8970000e-001
  4.8380000e-001  1.1130000e-001  4.0490000e-001
  4.8350000e-001  9.4300000e-002  4.2220000e-001
  4.8690000e-001  8.0600000e-002  4.3250000e-001
  4.8560000e-001  7.1400000e-002  4.4310000e-001
  4.8170000e-001  6.5500000e-002  4.5280000e-001
  4.8640000e-001  5.3500000e-002  4.6010000e-001
  4.7820000e-001  5.1800000e-002  4.6990000e-001
  4.8210000e-001  4.5900000e-002  4.7200000e-001
  4.7580000e-001  4.3000000e-002  4.8120000e-001
  4.3900000e-001  3.5100000e-002  5.2590000e-001
  4.3930000e-001  4.2900000e-002  5.1780000e-001
  4.4090000e-001  4.7700000e-002  5.1130000e-001
  4.4980000e-001  5.4900000e-002  4.9530000e-001
  4.4970000e-001  6.1800000e-002  4.8850000e-001
  4.4880000e-001  7.0800000e-002  4.8040000e-001
  4.4480000e-001  8.3900000e-002  4.7130000e-001
  4.4030000e-001  9.9000000e-002  4.6070000e-001
  4.4950000e-001  1.0950000e-001  4.4100000e-001
  4.4820000e-001  1.2940000e-001  4.2230000e-001
  4.4760000e-001  1.4900000e-001  4.0340000e-001
  4.4940000e-001  1.6380000e-001  3.8690000e-001
  4.3760000e-001  1.9300000e-001  3.6950000e-001
  4.2940000e-001  2.0420000e-001  3.6630000e-001
  4.4420000e-001  2.1710000e-001  3.3880000e-001
  4.6200000e-001  2.2340000e-001  3.1470000e-001
  4.6700000e-001  2.4780000e-001  2.8520000e-001
  4.6270000e-001  2.7900000e-001  2.5830000e-001
  4.3280000e-001  3.3650000e-001  2.3080000e-001
  4.3680000e-001  3.6310000e-001  2.0010000e-001
  4.3650000e-001  3.9360000e-001  1.6990000e-001
  4.3610000e-001  4.2000000e-001  1.4390000e-001
  4.3790000e-001  4.3620000e-001  1.2590000e-001
  4.4580000e-001  4.5260000e-001  1.0160000e-001
  4.4870000e-001  4.6520000e-001  8.6100000e-002
  4.4950000e-001  4.7830000e-001  7.2200000e-002
